-1.0 -1.0 1.0 0.8660254037844386468
1.0 1.0 1.0 0.8660254037844386468
0 0 0 0.8660254037844386468
0 0 0 2.5980762113533159403
-0.6428571428571428572 0.6428571428571428572 -0.6428571428571428572 1.4846149779161805372
1.5 -1.5 1.5 3.464101615137754587
0.6428571428571428572 -0.6428571428571428572 -0.6428571428571428572 1.4846149779161805372
-1.5 1.5 1.5 3.464101615137754587
0 0 -2.5980762113533159403 3.0
0 0 2.5980762113533159403 3.0
-0.6428571428571428572 -0.6428571428571428572 0.6428571428571428572 1.4846149779161805372
1.5 1.5 -1.5 3.464101615137754587
-2.5980762113533159403 0 0 3.0
2.5980762113533159403 0 0 3.0
0 -2.5980762113533159403 0 3.0
0 2.5980762113533159403 0 3.0
-1.5 -1.5 -1.5 3.464101615137754587
0.6428571428571428572 0.6428571428571428572 0.6428571428571428572 1.4846149779161805372
-1.0 1.0 -1.0 0.8660254037844386468
1.0 -1.0 -1.0 0.8660254037844386468
